  Do  74,  81,  23
  Do  74,  76,   2
  Re  76,  23,   0
  Do  74, 141,  85
  La  83,  97,   9
  La  83,  58,  13
 La#  84,  18,  19
  La  83, 126,  69
  La  83,  92,  16
  Do  86,  58,   9
 La#  84,  20,  11
  La  83, 197,  18
 Sol  81,  83,  20
  La  83,  44,  23
 Sol  81,  20,  13
  Fa  79, 141,  95
  Do  74,  83,  23
  Do  74,  76,   0
  Re  76,  30,   0
  Do  74, 146,  74
  La  83,  95,  13
  La  83,  48,  18
 La#  84,  18,  16
  La  83, 132,  71
  La  83,  97,  11
  Do  86,  62,   6
 La#  84,  18,  16
  La  83, 189,  31
 Sol  81,  99,   4
  La  83,  44,  27
 Sol  81,  18,  13
  Fa  79, 113, 104
  La  83,  85,  20
  La  83,  74,  37
  Mi  78,  46,   0
FINE
